   84   64   51  100   82   63   93   65   77   61   53   97
   74   59   77   88   56   68   54   60   63   80   94   75
   76   54   88   96   96   91   59   58   80   93   79   75
   98   78   64   85   97  100   53   57   77   83   71   93
   92   94   55   63   58   72   61   69   98   86   70   92
   60   81   51   85   61   63   54   64   52   98   73   79
   56   89   62   94   66   74   75   51   53   83   71   94
   62   93   96   78   69   52   57   84   93   76   62   61
   51   97   60   61   65   84   81   67   60   54   56   94
   70   83   54  100   55   67   77   70   90   97   98   61
   62   92   95   93   57   78   61   55   58   87   76   69
   55   83   98   60   72   99   82   90   53   89   61   96
   62   73   67   92   83   92   63   64   74   60   59   80
   82  100   87   99   60   74   65   64   71   82   96   72
   52   70   91   88   55   73   98   99   85   95   55   89
   99   73   63   51   85   88   51   83   67   81   56   81
   85   66   66   93   58   59   73   52   72   65   85   99
   90   77   84   60   73   81  100   87   88   90   77   76
   88   62   54   51   64   63   80   60  100   61   55  100
   59   99   75   92   64   54   63   65   73   62   94   96
   56   57   56   61   79   53   88   74   64   58   77   68
   75   70   54   64   86   96   93   65   76   98   66   85
   51   68   90   76   72   58   90   77   73   77   70   54
  100   90   79   72   92   61   93   58   72   85   73   51
   67   71   78   94   58   72   77   98   67   90   78   54
